»нтерпол€ционный многочлен (Ќьютона, задн€€ форма):
P(x) = -5.52096 + (5.14771 * (x - -1.85317)) + (-1.96468 * (x - -1.85317) * (x - -0.76335)) + (0.69636 * (x - -1.85317) * (x - -0.76335) * (x - 1.00000)) + (-0.16324 * (x - -1.85317) * (x - -0.76335) * (x - 1.00000) * (x - 2.76336))

”злы и значени€ функции f(x):
x[0] = 3.853170, f(x[0]) = 11.065436
x[1] = 2.763356, f(x[1]) = 6.248409
x[2] = 1.000001, f(x[2]) = -0.718282
x[3] = -0.763355, f(x[3]) = 0.089085
x[4] = -1.853169, f(x[4]) = -5.520958
